119.27 -4.80666 -0.470472 -8.65669 0.28 0.14 -0.04
119.275 -4.75177 -0.431266 -8.57828 0.22 -0.02 -0.1
119.28 -4.75961 -0.45479 -8.54692 -0.18 0.16 -0.14
119.285 -4.76745 -0.407743 -8.57828 0.08 -0.14 0.22
119.29 -4.74393 -0.470472 -8.59396 0.12 0.24 -0.08
119.295 -4.78314 -0.470472 -8.64101 0.06 0.32 0.06
119.3 -4.76745 -0.462631 -8.58612 0.18 0.04 0.24
119.305 -4.79098 -0.446949 -8.59396 0.02 0.08 -0.02
119.31 -4.75961 -0.407743 -8.6018 0.12 0.24 0.08
119.315 -4.72825 -0.45479 -8.57828 0.16 0.24 -0.06
119.32 -4.75177 -0.470472 -8.6018 0.04 -0.08 -0.18
119.325 -4.75961 -0.423425 -8.59396 -0.28 0.16 -0.02
119.33 -4.76745 -0.439108 -8.60965 0.04 0.16 0.22
119.335 -4.7753 -0.439108 -8.60965 0.12 0.1 -0.12
119.34 -4.75961 -0.462631 -8.57828 0.08 0.32 0.04
119.345 -4.72825 -0.462631 -8.57828 0.12 0.04 0.14
119.35 -4.75177 -0.431266 -8.61749 0.24 0.18 -0.12
119.355 -4.73609 -0.439108 -8.59396 0.04 0.08 -0.12
119.36 -4.75177 -0.431266 -8.6018 0.2 0.04 0.34
119.365 -4.75961 -0.439108 -8.57828 0.1 0.08 0.06
119.37 -4.75961 -0.446949 -8.57044 0.26 0.24 -0.36
119.375 -4.78314 -0.45479 -8.60965 0.38 0.36 -0.02
119.38 -4.75177 -0.431266 -8.60965 -0.04 0.4 -0.06
119.385 -4.75177 -0.462631 -8.58612 0.16 0.02 -0.04
119.39 -4.75177 -0.439108 -8.59396 -0.06 0.02 -0.18
119.395 -4.75961 -0.45479 -8.55476 -0.04 0.26 0.08
119.4 -4.74393 -0.45479 -8.60965 0.06 0.16 -0.08
119.405 -4.74393 -0.446949 -8.6018 0.24 0.1 0.14
119.41 -4.74393 -0.45479 -8.59396 0.18 0.38 -0.18
119.415 -4.75961 -0.431266 -8.6018 -0.1 0.18 0.16
119.42 -4.78314 -0.446949 -8.57828 -0.16 0.34 -0.04
119.425 -4.75177 -0.439108 -8.59396 0.26 0.18 0.18
119.43 -4.75961 -0.470472 -8.6018 0.46 0.26 0.02
119.435 -4.75961 -0.439108 -8.57828 0.2 0.32 0.16
119.44 -4.7753 -0.407743 -8.59396 0.16 -0.02 0.04
119.445 -4.75961 -0.462631 -8.57044 0.1 0.2 -0.16
119.45 -4.75177 -0.439108 -8.59396 0.16 0.34 -0.08
119.455 -4.74393 -0.446949 -8.6018 0.08 0.16 0.18
119.46 -4.75961 -0.45479 -8.55476 0.08 0.1 -0.04
119.465 -4.76745 -0.415584 -8.6018 0.14 0.28 -0.08
119.47 -4.75177 -0.45479 -8.58612 0.08 -0.02 0.18
119.475 -4.74393 -0.470472 -8.57044 0.18 0.24 -0.16
119.48 -4.75961 -0.446949 -8.60965 -0.08 0.16 0.12
119.485 -4.73609 -0.431266 -8.59396 0.2 0.36 0.04
119.49 -4.7753 -0.439108 -8.59396 -0.18 0.1 0.06
119.495 -4.75177 -0.446949 -8.59396 0.22 -0.02 -0.08
119.5 -4.76745 -0.446949 -8.57828 0.16 0.06 0.16
119.505 -4.78314 -0.423425 -8.6018 0.18 0.26 -0.1
119.51 -4.75177 -0.446949 -8.57828 0.12 0.24 0.28
119.515 -4.7753 -0.45479 -8.57828 0.06 0.16 0.26
119.52 -4.76745 -0.431266 -8.57044 -0.02 -0.04 0.12
119.525 -4.75177 -0.462631 -8.57828 0.24 0.16 0.2
119.53 -4.74393 -0.423425 -8.6018 0.06 0.3 -0.14
119.535 -4.74393 -0.439108 -8.5626 0.08 -0.02 -0.08
119.54 -4.73609 -0.45479 -8.59396 0.04 -0.02 0.08
119.545 -4.75177 -0.446949 -8.59396 0.34 0.02 0.06
119.55 -4.76745 -0.431266 -8.58612 -0.12 0.28 0.14
119.555 -4.75961 -0.439108 -8.57044 -0.02 0.32 -0.06
119.56 -4.75961 -0.439108 -8.57044 -0.06 0.26 0.04
119.565 -4.75177 -0.470472 -8.58612 0.12 0.44 0.18
119.57 -4.75961 -0.45479 -8.57828 0.06 0.36 0
119.575 -4.7753 -0.45479 -8.6018 0.3 -0.06 -0.36
119.58 -4.72825 -0.439108 -8.55476 -0.02 0.1 0.12
119.585 -4.76745 -0.439108 -8.61749 -0.06 0.18 -0.08
119.59 -4.76745 -0.45479 -8.57828 0.14 0.1 0.14
119.595 -4.76745 -0.431266 -8.6018 -0.06 0.02 0.1
119.6 -4.7753 -0.431266 -8.64101 0.14 0.1 0.14
119.605 -4.75961 -0.439108 -8.58612 0.12 -0.08 -0.04
119.61 -4.75961 -0.439108 -8.6018 0.06 0.44 0.12
119.615 -4.75177 -0.439108 -8.58612 0 0.08 0.16
119.62 -4.76745 -0.462631 -8.6018 0.06 0.18 0.04
119.625 -4.74393 -0.462631 -8.59396 0.18 0.28 -0.18
119.63 -4.75177 -0.439108 -8.57828 0.2 0.22 -0.02
119.635 -4.75961 -0.423425 -8.6018 0.04 0.16 0.18
119.64 -4.75961 -0.439108 -8.59396 0.24 0.34 0
119.645 -4.75961 -0.446949 -8.58612 -0.14 0.32 -0.2
119.65 -4.75961 -0.462631 -8.57044 -0.1 0.22 -0.12
119.655 -4.72825 -0.478314 -8.57044 -0.18 -0.04 0.04
119.66 -4.78314 -0.446949 -8.58612 -0.12 -0.04 0.1
119.665 -4.75961 -0.431266 -8.58612 0.04 0 0.24
119.67 -4.74393 -0.45479 -8.58612 0.3 0.32 -0.14
119.675 -4.76745 -0.439108 -8.57044 -0.1 0.02 -0.16
119.68 -4.74393 -0.470472 -8.57044 0.1 0.2 0.02
119.685 -4.75961 -0.439108 -8.59396 0.08 0.28 0
119.69 -4.74393 -0.439108 -8.61749 0.22 0.12 0.06
119.695 -4.75961 -0.439108 -8.58612 -0.1 0.12 -0.28
119.7 -4.76745 -0.423425 -8.57828 0.28 0.04 0.04
119.705 -4.7753 -0.45479 -8.6018 0.16 0.48 -0.2
119.71 -4.7753 -0.446949 -8.6018 0.14 0.02 -0.26
119.715 -4.75961 -0.431266 -8.6018 0.1 -0.18 0.16
119.72 -4.74393 -0.470472 -8.6018 0.18 0.06 -0.04
119.725 -4.75961 -0.439108 -8.57044 -0.32 0.04 -0.06
119.73 -4.76745 -0.439108 -8.61749 0.08 0.12 -0.36
119.735 -4.73609 -0.446949 -8.57044 -0.16 0.42 0.06
119.74 -4.72041 -0.446949 -8.59396 0.32 0.22 -0.04
119.745 -4.76745 -0.423425 -8.57828 -0.16 0.18 -0.36
119.75 -4.75961 -0.470472 -8.57044 -0.02 0.22 0.12
119.755 -4.76745 -0.431266 -8.58612 -0.18 -0.04 -0.04
119.76 -4.78314 -0.462631 -8.60965 -0.02 0.32 0.28
119.765 -4.76745 -0.446949 -8.59396 -0.38 0.06 0.12
119.77 -4.76745 -0.439108 -8.60965 0.2 0 0.1
119.775 -4.7753 -0.439108 -8.5626 0.02 -0.08 -0.04
119.78 -4.7753 -0.446949 -8.59396 0.16 0.28 0.08
119.785 -4.75177 -0.431266 -8.55476 0.28 0.06 -0.16
119.79 -4.75961 -0.431266 -8.60965 -0.08 0.18 -0.12
119.795 -4.7753 -0.462631 -8.59396 0.04 -0.06 0.32
119.8 -4.75177 -0.470472 -8.57828 0.06 -0.06 0.18
119.805 -4.76745 -0.462631 -8.57828 0.14 0.02 -0.06
119.81 -4.76745 -0.45479 -8.58612 0.04 0.36 -0.1
119.815 -4.74393 -0.462631 -8.5626 -0.26 0.22 -0.24
119.82 -4.76745 -0.415584 -8.5626 -0.18 0.38 0.16
119.825 -4.75177 -0.431266 -8.57828 -0.02 0.14 0.08
119.83 -4.7753 -0.431266 -8.59396 -0.02 0.18 0
119.835 -4.76745 -0.470472 -8.60965 0.28 -0.02 -0.26
119.84 -4.75961 -0.431266 -8.5626 0.16 -0.02 0.08
119.845 -4.76745 -0.423425 -8.6018 0.1 0.3 0.28
119.85 -4.76745 -0.446949 -8.6018 0.22 0.18 -0.08
119.855 -4.7753 -0.462631 -8.57044 0.06 0.1 -0.16
119.86 -4.75961 -0.45479 -8.59396 -0.34 0.24 -0.12
119.865 -4.74393 -0.439108 -8.55476 0.16 0.1 -0.04
119.87 -4.74393 -0.439108 -8.61749 0.1 0.16 0.12
119.875 -4.73609 -0.439108 -8.6018 0.02 0.08 0.04
119.88 -4.75961 -0.470472 -8.57044 0.28 0.2 -0.02
119.885 -4.73609 -0.439108 -8.59396 0 0.28 -0.02
119.89 -4.75961 -0.478314 -8.57828 0 -0.02 -0.12
119.895 -4.75961 -0.439108 -8.57828 0.08 0.36 -0.04
119.9 -4.75177 -0.462631 -8.60965 -0.04 0.26 0.04
119.905 -4.72041 -0.45479 -8.60965 0.26 0.2 -0.06
119.91 -4.75961 -0.45479 -8.63317 0.06 0.22 0.08
119.915 -4.75177 -0.439108 -8.57044 0 -0.04 0.04
119.92 -4.78314 -0.431266 -8.58612 0.08 -0.08 0.24
119.925 -4.73609 -0.462631 -8.57828 0.18 0.3 -0.28
119.93 -4.73609 -0.462631 -8.57828 0.06 0.32 0.16
119.935 -4.76745 -0.45479 -8.60965 0.2 0.14 -0.08
119.94 -4.74393 -0.446949 -8.58612 0.28 0.14 0.08
119.945 -4.76745 -0.45479 -8.57044 0.12 0 0
119.95 -4.76745 -0.431266 -8.59396 -0.06 0.06 -0.14
119.955 -4.75961 -0.439108 -8.57828 -0.1 -0.06 0.06
119.96 -4.73609 -0.431266 -8.6018 -0.02 0.2 -0.04
119.965 -4.76745 -0.446949 -8.6018 -0.2 0 -0.02
119.97 -4.72825 -0.439108 -8.58612 0.12 0.2 -0.16
119.975 -4.75177 -0.45479 -8.58612 0.26 -0.16 0.02
119.98 -4.75961 -0.439108 -8.58612 0.04 0.16 -0.04
119.985 -4.76745 -0.45479 -8.57828 0.36 0.24 0.16
119.99 -4.75961 -0.446949 -8.6018 0.22 0.1 0.08
119.995 -4.75961 -0.446949 -8.60965 -0.02 0.12 -0.12
120 -4.73609 -0.431266 -8.58612 -0.14 -0.08 0.06
120.005 -4.75177 -0.45479 -8.59396 0.04 0.1 -0.26
120.01 -4.75961 -0.45479 -8.59396 0.18 0.08 -0.16
120.015 -4.75177 -0.446949 -8.62533 0.16 0.22 -0.14
120.02 -4.75961 -0.446949 -8.57044 0.06 0.1 -0.02
120.025 -4.73609 -0.431266 -8.57828 0.26 0.12 0.1
120.03 -4.75961 -0.462631 -8.59396 0 0.1 0.36
120.035 -4.74393 -0.470472 -8.58612 0.26 0.06 0.18
120.04 -4.75961 -0.439108 -8.58612 0.16 0.14 -0.08
120.045 -4.7753 -0.415584 -8.61749 0 -0.06 -0.1
120.05 -4.74393 -0.446949 -8.58612 0.06 0.38 -0.06
120.055 -4.7753 -0.446949 -8.59396 0.06 0.2 0.22
120.06 -4.75961 -0.431266 -8.58612 0.14 0.38 0.16
120.065 -4.73609 -0.45479 -8.5626 0.34 0.36 0.06
120.07 -4.72041 -0.45479 -8.57828 0.3 0.24 0
120.075 -4.74393 -0.462631 -8.58612 -0.08 0.08 0
120.08 -4.76745 -0.45479 -8.6018 0.16 0 0.06
120.085 -4.75177 -0.45479 -8.6018 0 0.22 -0.18
120.09 -4.76745 -0.423425 -8.59396 0.04 0.08 0.06
120.095 -4.76745 -0.423425 -8.6018 0.26 0.3 -0.18
120.1 -4.76745 -0.446949 -8.5626 0.32 -0.1 -0.04
120.105 -4.72825 -0.431266 -8.6018 0.12 0.3 -0.12
120.11 -4.75961 -0.439108 -8.6018 0.24 -0.14 -0.1
120.115 -4.76745 -0.45479 -8.6018 -0.02 0.12 -0.28
120.12 -4.78314 -0.431266 -8.60965 0.36 0.2 -0.02
120.125 -4.74393 -0.462631 -8.58612 0.28 0.2 0.2
120.13 -4.73609 -0.431266 -8.57828 0.12 0.38 -0.02
120.135 -4.75961 -0.439108 -8.57828 0.18 0.42 -0.18
120.14 -4.7753 -0.446949 -8.6018 0.14 0.44 -0.1
120.145 -4.78314 -0.431266 -8.57828 0.18 0.36 -0.04
120.15 -4.75177 -0.45479 -8.57044 0 -0.24 -0.12
120.155 -4.79098 -0.462631 -8.60965 -0.12 -0.04 0.28
120.16 -4.75961 -0.431266 -8.6018 0.3 0.08 0.08
120.165 -4.74393 -0.45479 -8.57828 0.08 0.14 0.06
120.17 -4.79098 -0.446949 -8.58612 0.14 0.18 0.26
120.175 -4.75961 -0.446949 -8.59396 -0.14 0.04 0.04
120.18 -4.74393 -0.462631 -8.57828 -0.22 0.22 -0.06
120.185 -4.7753 -0.45479 -8.59396 0.24 0.12 -0.06
120.19 -4.75961 -0.478314 -8.55476 0.16 0 -0.08
120.195 -4.76745 -0.446949 -8.59396 0.1 -0.02 -0.06
120.2 -4.76745 -0.446949 -8.57828 0.1 0.28 -0.12
120.205 -4.76745 -0.446949 -8.6018 0.34 0.06 0.18
120.21 -4.78314 -0.439108 -8.58612 0.26 0.22 -0.08
120.215 -4.75961 -0.45479 -8.59396 0.34 0.08 -0.18
120.22 -4.7753 -0.431266 -8.59396 -0.08 0.06 -0.14
120.225 -4.75961 -0.431266 -8.58612 0.46 0.16 -0.08
120.23 -4.76745 -0.431266 -8.5626 0.34 0.22 0.12
120.235 -4.75961 -0.470472 -8.58612 -0.02 0.46 0.2
120.24 -4.75177 -0.462631 -8.57044 -0.08 0.2 -0.16
120.245 -4.74393 -0.45479 -8.6018 0.02 0.26 0.24
120.25 -4.75961 -0.399902 -8.57828 0.06 0.06 0.04
120.255 -4.74393 -0.462631 -8.55476 0.04 0 0.16
120.26 -4.75961 -0.439108 -8.6018 0.16 0 -0.1
120.265 -4.76745 -0.415584 -8.6018 0.16 0.02 0
120.27 -4.74393 -0.45479 -8.58612 0.48 0.38 -0.26
120.275 -4.76745 -0.45479 -8.59396 0.38 0 -0.12
120.28 -4.75961 -0.462631 -8.57828 -0.02 0.02 0.1
120.285 -4.74393 -0.431266 -8.57828 0.1 0.26 0.14
120.29 -4.75177 -0.423425 -8.58612 0.06 0.14 -0.18
120.295 -4.73609 -0.439108 -8.57044 0.06 0.32 -0.46
120.3 -4.75177 -0.431266 -8.58612 0.12 0.08 -0.12
120.305 -4.75961 -0.423425 -8.58612 0.08 0.2 -0.1
120.31 -4.76745 -0.439108 -8.57044 0.16 0.2 0.24
120.315 -4.75961 -0.439108 -8.61749 0.04 0 -0.12
120.32 -4.75177 -0.45479 -8.6018 0.12 0.16 0.06
120.325 -4.7753 -0.462631 -8.59396 0.16 0.28 -0.06
120.33 -4.7753 -0.478314 -8.60965 -0.06 0.16 0.04
120.335 -4.75177 -0.439108 -8.54692 0.02 0.08 0.22
120.34 -4.74393 -0.446949 -8.59396 0.4 0.22 0.12
120.345 -4.79098 -0.45479 -8.58612 0.16 0.08 0.14
120.35 -4.74393 -0.439108 -8.5626 0.04 0.1 0
120.355 -4.76745 -0.45479 -8.59396 0.08 0.02 0.08
120.36 -4.75177 -0.446949 -8.6018 0.04 0 0.02
120.365 -4.75177 -0.462631 -8.57828 0.24 0.3 0.12
120.37 -4.76745 -0.439108 -8.57828 0.14 0.3 0.24
120.375 -4.75177 -0.446949 -8.57044 0.34 0.48 -0.02
120.38 -4.75961 -0.439108 -8.60965 -0.16 0.28 -0.44
120.385 -4.75177 -0.462631 -8.59396 0.22 0.28 0.02
120.39 -4.72825 -0.45479 -8.57044 0.16 0.26 0
120.395 -4.75177 -0.446949 -8.59396 0.1 0.06 0
120.4 -4.75177 -0.439108 -8.59396 0.3 -0.06 0.02
120.405 -4.78314 -0.446949 -8.59396 0.3 0.32 -0.1
120.41 -4.76745 -0.462631 -8.57044 0.24 0.1 -0.2
120.415 -4.75177 -0.462631 -8.58612 -0.06 0.22 -0.02
120.42 -4.7753 -0.45479 -8.57828 0.12 0.22 -0.22
120.425 -4.75961 -0.45479 -8.60965 0.22 0.22 -0.12
120.43 -4.76745 -0.446949 -8.59396 0.2 0 0.08
120.435 -4.75961 -0.45479 -8.59396 -0.06 0.1 0.08
120.44 -4.75961 -0.446949 -8.5626 0.2 0.24 0
120.445 -4.74393 -0.439108 -8.58612 0.2 0.12 0.06
120.45 -4.75177 -0.45479 -8.57828 0.24 -0.12 0.18
120.455 -4.76745 -0.45479 -8.59396 0.06 0.1 -0.26
120.46 -4.7753 -0.446949 -8.58612 -0.1 0.08 0.06
120.465 -4.76745 -0.431266 -8.55476 0.02 0.26 -0.16
120.47 -4.75177 -0.446949 -8.57828 0.24 0.18 -0.18
120.475 -4.75961 -0.446949 -8.58612 0.42 0.18 -0.24
120.48 -4.76745 -0.45479 -8.57828 0.18 0.08 -0.06
120.485 -4.7753 -0.446949 -8.58612 0.28 0.12 0.16
120.49 -4.75961 -0.470472 -8.58612 0.04 0.14 -0.02
120.495 -4.75961 -0.462631 -8.57044 0.24 0.14 0.14
120.5 -4.75177 -0.462631 -8.58612 0.08 0.26 0.06
120.505 -4.75961 -0.446949 -8.59396 0.34 0.14 -0.02
120.51 -4.75177 -0.470472 -8.59396 0.28 0.08 -0.28
120.515 -4.76745 -0.45479 -8.57044 0.18 0.16 -0.36
120.52 -4.7753 -0.439108 -8.57828 0 0.36 -0.02
120.525 -4.75177 -0.439108 -8.6018 0.26 0.14 0.12
120.53 -4.76745 -0.478314 -8.57044 0.02 0.24 -0.04
120.535 -4.75961 -0.45479 -8.61749 0.2 0.02 0.12
120.54 -4.75961 -0.446949 -8.59396 0.28 -0.04 0.08
120.545 -4.75177 -0.446949 -8.5626 0.36 -0.06 0.08
120.55 -4.73609 -0.446949 -8.6018 0.3 0.18 -0.02
120.555 -4.75177 -0.439108 -8.58612 0.3 0.34 0.34
120.56 -4.78314 -0.462631 -8.58612 0.08 0 -0.16
120.565 -4.76745 -0.415584 -8.61749 0.08 -0.18 0.04
120.57 -4.76745 -0.446949 -8.59396 -0.04 0.06 -0.08
120.575 -4.78314 -0.439108 -8.59396 0.12 0.3 -0.34
120.58 -4.75177 -0.446949 -8.60965 0 0.28 -0.12
120.585 -4.75961 -0.486155 -8.5626 0.4 0.28 -0.1
120.59 -4.75177 -0.446949 -8.57828 0.08 0.06 -0.02
120.595 -4.73609 -0.423425 -8.58612 -0.1 0.16 -0.08
120.6 -4.74393 -0.423425 -8.55476 -0.14 0.06 0.16
120.605 -4.76745 -0.415584 -8.63317 -0.02 0.12 -0.06
120.61 -4.74393 -0.446949 -8.55476 0.18 0.02 -0.3
120.615 -4.75961 -0.415584 -8.59396 0.2 0.06 -0.12
120.62 -4.75177 -0.478314 -8.58612 0.12 0.08 -0.26
120.625 -4.76745 -0.45479 -8.60965 0.3 0.2 -0.02
120.63 -4.7753 -0.45479 -8.62533 0.04 0.2 0.1
120.635 -4.75961 -0.423425 -8.58612 0.26 0.24 -0.22
120.64 -4.78314 -0.462631 -8.63317 0.06 0.36 0.14
120.645 -4.72041 -0.399902 -8.49203 0.14 0.02 -0.1
120.65 -4.78314 -0.501837 -8.65669 -0.02 0.16 0.1
120.655 -4.74393 -0.45479 -8.5626 0.14 0.06 -0.3
120.66 -4.78314 -0.360696 -8.58612 0.34 0.42 -0.12
120.665 -4.79882 -0.556726 -8.65669 -0.2 0.14 -0.5
120.67 -4.72825 -0.305807 -8.53123 0.08 0.16 0.16
120.675 -4.76745 -0.541043 -8.66453 0.12 0.12 0.26
120.68 -4.75177 -0.337172 -8.53907 -0.02 0.02 0.04
120.685 -4.76745 -0.501837 -8.61749 0 0.3 0.14
120.69 -4.75177 -0.431266 -8.55476 0.4 0 -0.28
120.695 -4.76745 -0.478314 -8.59396 0.06 0.2 0.04
120.7 -4.76745 -0.423425 -8.5626 0.46 0.36 0.1
120.705 -4.76745 -0.431266 -8.57044 0.16 0.2 0.34
120.71 -4.75961 -0.45479 -8.60965 0.3 0.04 -0.26
120.715 -4.74393 -0.407743 -8.58612 0.08 0.08 -0.08
120.72 -4.7753 -0.446949 -8.62533 0.3 0.04 0.04
120.725 -4.71257 -0.446949 -8.54692 0.12 0.2 -0.22
120.73 -4.7753 -0.478314 -8.61749 0.24 0.04 0.02
120.735 -4.76745 -0.45479 -8.59396 0.32 -0.12 0
120.74 -4.76745 -0.431266 -8.57828 0.08 0.3 0.04
120.745 -4.76745 -0.446949 -8.57044 0.24 0 0.3
120.75 -4.73609 -0.415584 -8.57044 0.32 0.22 -0.26
120.755 -4.75961 -0.446949 -8.59396 0.08 0.12 0.12
120.76 -4.74393 -0.431266 -8.58612 0.12 0.22 -0.1
120.765 -4.75177 -0.446949 -8.59396 0.22 0.04 0.16
120.77 -4.74393 -0.439108 -8.57828 0.38 0.24 -0.02
120.775 -4.75961 -0.439108 -8.60965 0.18 0.02 0.4
120.78 -4.74393 -0.446949 -8.59396 -0.24 0.02 0.16
120.785 -4.76745 -0.45479 -8.59396 0.24 0.02 0
120.79 -4.76745 -0.439108 -8.59396 0.28 0.04 -0.14
120.795 -4.75961 -0.439108 -8.57828 0.02 0.34 -0.08
120.8 -4.75961 -0.423425 -8.57828 0.26 0.52 -0.08
120.805 -4.73609 -0.439108 -8.58612 0.22 0.06 0.22
120.81 -4.7753 -0.446949 -8.59396 0.28 0.12 0.08
120.815 -4.74393 -0.439108 -8.58612 0.16 0.08 0.3
120.82 -4.75177 -0.470472 -8.59396 0.08 0.06 -0.08
120.825 -4.74393 -0.431266 -8.58612 0.28 0.2 0.3
120.83 -4.72825 -0.45479 -8.58612 0.06 -0.14 -0.1
120.835 -4.75961 -0.462631 -8.59396 0.26 0.1 -0.14
120.84 -4.76745 -0.431266 -8.60965 0.2 0.08 0
120.845 -4.75177 -0.462631 -8.55476 0.36 0.44 -0.1
120.85 -4.75961 -0.462631 -8.59396 0.12 0.2 -0.08
120.855 -4.75177 -0.45479 -8.61749 0.22 0.18 0.1
120.86 -4.76745 -0.45479 -8.6018 0.04 0.2 0.08
120.865 -4.76745 -0.446949 -8.59396 0.26 0.16 0.04
120.87 -4.74393 -0.462631 -8.59396 0.32 0.22 0
120.875 -4.75961 -0.45479 -8.58612 0.08 0.04 0.08
120.88 -4.75177 -0.446949 -8.5626 0.04 -0.2 0.12
120.885 -4.76745 -0.439108 -8.61749 0.02 0.04 0.32
120.89 -4.75961 -0.423425 -8.59396 -0.32 0.12 0.14
120.895 -4.76745 -0.446949 -8.58612 -0.14 0.42 -0.18
120.9 -4.75961 -0.462631 -8.6018 0.24 0.1 -0.06
120.905 -4.78314 -0.439108 -8.60965 -0.06 0.14 0
120.91 -4.74393 -0.45479 -8.59396 -0.48 0.26 0.04
120.915 -4.73609 -0.431266 -8.6018 0.34 0.18 0.12
120.92 -4.75177 -0.45479 -8.5626 0.06 0 -0.12
120.925 -4.75177 -0.439108 -8.6018 0.24 0.4 -0.26
120.93 -4.79882 -0.45479 -8.61749 0.08 0.08 -0.22
120.935 -4.74393 -0.431266 -8.5626 0.12 0.18 -0.12
120.94 -4.75961 -0.462631 -8.58612 -0.14 0.26 -0.08
120.945 -4.7753 -0.446949 -8.61749 0.22 0.18 -0.3
120.95 -4.75961 -0.446949 -8.58612 -0.12 0.18 -0.02
120.955 -4.75177 -0.45479 -8.58612 0 0.32 0.1
120.96 -4.7753 -0.439108 -8.59396 0.08 0.06 -0.02
120.965 -4.75961 -0.45479 -8.57828 0.34 -0.12 -0.28
120.97 -4.73609 -0.439108 -8.59396 0.1 0.32 0.12
120.975 -4.74393 -0.446949 -8.58612 0.1 0.08 0.2
120.98 -4.74393 -0.439108 -8.59396 0 0.34 -0.24
120.985 -4.74393 -0.45479 -8.58612 -0.26 0.2 -0.2
120.99 -4.75177 -0.462631 -8.58612 -0.1 0.44 0
120.995 -4.7753 -0.431266 -8.57828 0.1 0.52 -0.22
121 -4.72041 -0.45479 -8.58612 0.06 0.1 -0.06
121.005 -4.72825 -0.415584 -8.58612 -0.02 -0.02 0.12
121.01 -4.75961 -0.446949 -8.60965 -0.06 0.22 0.02
121.015 -4.74393 -0.431266 -8.6018 0.24 -0.18 -0.26
121.02 -4.7753 -0.439108 -8.61749 0.2 0.36 0.2
121.025 -4.75177 -0.462631 -8.5626 0.28 0.28 0.06
121.03 -4.76745 -0.446949 -8.59396 0.34 0.14 0.04
121.035 -4.79098 -0.439108 -8.6018 0.1 0.08 -0.04
121.04 -4.76745 -0.45479 -8.57828 0.1 0.18 0.22
121.045 -4.75961 -0.45479 -8.59396 -0.12 0.2 0.08
121.05 -4.75177 -0.462631 -8.57044 0.36 0.34 0.08
121.055 -4.74393 -0.446949 -8.57828 0.22 -0.06 -0.02
121.06 -4.75961 -0.423425 -8.62533 0.4 0.16 0.08
121.065 -4.75177 -0.446949 -8.57044 0.18 0.2 -0.1
121.07 -4.75177 -0.45479 -8.59396 -0.08 0.32 0.14
121.075 -4.7753 -0.446949 -8.61749 0.26 0.1 -0.26
121.08 -4.72825 -0.431266 -8.5626 0.04 0.24 -0.08
121.085 -4.7753 -0.446949 -8.59396 -0.2 -0.04 -0.22
121.09 -4.74393 -0.45479 -8.57044 -0.12 0.22 0.06
121.095 -4.75961 -0.45479 -8.5626 -0.08 -0.02 0.26
121.1 -4.78314 -0.439108 -8.59396 0.18 0.06 -0.24
121.105 -4.74393 -0.45479 -8.57044 0 0.06 0.14
121.11 -4.78314 -0.439108 -8.57044 0.12 0.14 0.02
121.115 -4.7753 -0.446949 -8.6018 0.14 0 0.06
121.12 -4.74393 -0.446949 -8.6018 0.28 0.08 0.1
121.125 -4.75177 -0.439108 -8.6018 0.32 0.28 -0.24
121.13 -4.74393 -0.439108 -8.57044 0.26 -0.42 -0.04
121.135 -4.72825 -0.45479 -8.57828 0.36 0.26 0
121.14 -4.76745 -0.423425 -8.59396 -0.12 -0.06 0.1
121.145 -4.74393 -0.45479 -8.58612 0.14 0.14 0.12
121.15 -4.74393 -0.431266 -8.58612 -0.12 0.14 0.06
121.155 -4.75961 -0.431266 -8.57828 0.24 0.18 0.2
121.16 -4.74393 -0.45479 -8.59396 0.04 0.08 0.06
121.165 -4.78314 -0.431266 -8.59396 -0.16 0.26 0.06
121.17 -4.76745 -0.446949 -8.58612 0.04 0.4 -0.04
121.175 -4.75177 -0.439108 -8.58612 -0.02 0.08 0
121.18 -4.7753 -0.45479 -8.57828 0.26 0.12 0.18
121.185 -4.7753 -0.439108 -8.6018 0.1 -0.08 0.02
121.19 -4.74393 -0.439108 -8.57828 0.16 -0.04 -0.06
121.195 -4.74393 -0.439108 -8.6018 0.22 0.12 -0.08
121.2 -4.75961 -0.446949 -8.57044 0.18 -0.16 0.06
121.205 -4.75961 -0.431266 -8.60965 0.5 0.2 -0.04
121.21 -4.7753 -0.462631 -8.59396 -0.04 -0.02 0.1
121.215 -4.75177 -0.45479 -8.60965 -0.16 0.06 -0.1
121.22 -4.74393 -0.431266 -8.57828 0 0.18 0.1
121.225 -4.75961 -0.45479 -8.57044 -0.16 0.32 0.2
121.23 -4.75961 -0.45479 -8.6018 0.04 -0.1 -0.08
121.235 -4.7753 -0.45479 -8.57828 0 0.14 -0.16
121.24 -4.79098 -0.446949 -8.58612 0.14 0.2 0.3
121.245 -4.76745 -0.439108 -8.57828 0.2 0.36 -0.08
121.25 -4.75177 -0.470472 -8.57828 0.28 0.14 0.32
121.255 -4.76745 -0.45479 -8.6018 0.04 0.28 0.14
121.26 -4.75961 -0.431266 -8.5626 0.32 0.16 0.2
121.265 -4.75961 -0.439108 -8.58612 0.38 0.22 -0.08
121.27 -4.7753 -0.446949 -8.58612 0.24 0.42 0.04
121.275 -4.75177 -0.470472 -8.6018 0.36 0.16 -0.1
121.28 -4.74393 -0.439108 -8.57044 0.02 0.16 0
121.285 -4.75177 -0.431266 -8.58612 0.18 0.16 -0.1
121.29 -4.74393 -0.446949 -8.57828 0.18 0.14 -0.2
121.295 -4.74393 -0.439108 -8.57828 0.08 0.32 0.18
121.3 -4.75177 -0.470472 -8.57044 0.1 0.04 0.04
121.305 -4.7753 -0.446949 -8.57828 -0.06 0.08 -0.1
121.31 -4.78314 -0.439108 -8.61749 0.24 0.26 0.12
121.315 -4.75177 -0.45479 -8.5626 -0.08 0.08 -0.08
121.32 -4.7753 -0.462631 -8.57044 0.04 0.06 -0.04
121.325 -4.75961 -0.446949 -8.57044 0.22 0.22 0.1
121.33 -4.74393 -0.439108 -8.59396 0.16 0.06 0.06
121.335 -4.75177 -0.439108 -8.58612 0.22 0.26 0.02
121.34 -4.71257 -0.462631 -8.57044 0.08 0.1 0.14
121.345 -4.7753 -0.439108 -8.62533 -0.08 0.02 0
121.35 -4.75961 -0.462631 -8.6018 0.36 0.04 -0.02
121.355 -4.72041 -0.439108 -8.5626 0.2 0.04 -0.04
121.36 -4.75177 -0.439108 -8.61749 0.06 0.06 -0.18
121.365 -4.74393 -0.462631 -8.62533 -0.06 0.08 -0.08
121.37 -4.76745 -0.45479 -8.61749 0 0.02 0.02
121.375 -4.76745 -0.439108 -8.60965 -0.04 -0.1 0.06
121.38 -4.76745 -0.446949 -8.57828 0.2 0.1 -0.14
121.385 -4.75961 -0.431266 -8.60965 0.02 0.26 -0.02
121.39 -4.75177 -0.45479 -8.59396 0.26 0.3 -0.34
121.395 -4.75177 -0.45479 -8.5626 0.18 0.18 0.3
121.4 -4.73609 -0.45479 -8.6018 0.32 0.26 0.1
121.405 -4.75177 -0.431266 -8.58612 0.14 0.18 0.12
121.41 -4.75961 -0.446949 -8.6018 -0.1 0.18 -0.12
121.415 -4.75177 -0.446949 -8.57828 -0.2 0 0.06
121.42 -4.75177 -0.446949 -8.58612 0.2 0.14 0.2
121.425 -4.76745 -0.439108 -8.57828 0.28 0.2 -0.14
121.43 -4.73609 -0.431266 -8.57828 0.06 0.2 0.02
121.435 -4.76745 -0.462631 -8.58612 0.12 0.42 -0.28
121.44 -4.75177 -0.439108 -8.60965 0.1 0.18 -0.14
121.445 -4.75961 -0.462631 -8.58612 0.02 0.02 0
121.45 -4.75177 -0.439108 -8.60965 0.4 -0.04 0.04
121.455 -4.75177 -0.462631 -8.58612 0.22 0.04 -0.04
121.46 -4.73609 -0.45479 -8.58612 -0.04 0.2 0.1
121.465 -4.75177 -0.439108 -8.59396 0.16 0.06 0.3
121.47 -4.74393 -0.446949 -8.57828 0.06 0.12 -0.12
121.475 -4.75177 -0.45479 -8.58612 0.1 0.14 -0.1
121.48 -4.73609 -0.431266 -8.57828 0.14 -0.06 0.02
121.485 -4.75177 -0.446949 -8.59396 0.14 0.08 -0.16
121.49 -4.75177 -0.446949 -8.6018 0.34 0.08 -0.1
121.495 -4.7753 -0.446949 -8.59396 0.12 0.28 0.2
121.5 -4.75961 -0.439108 -8.60965 0.2 0.1 0.06
121.505 -4.72825 -0.446949 -8.57828 -0.08 0.12 0.14
121.51 -4.75961 -0.431266 -8.57828 0.32 0.48 -0.12
121.515 -4.75961 -0.446949 -8.58612 0.02 0.32 -0.3
121.52 -4.75961 -0.462631 -8.5626 0.1 0 -0.08
121.525 -4.7753 -0.446949 -8.57828 0.02 0.18 0.16
121.53 -4.75961 -0.446949 -8.6018 -0.06 0.02 0.04
121.535 -4.74393 -0.462631 -8.58612 0.06 0.28 -0.04
121.54 -4.76745 -0.439108 -8.57828 0.08 0.24 -0.06
121.545 -4.7753 -0.423425 -8.59396 0.16 0.18 0.28
121.55 -4.75177 -0.446949 -8.57828 0.04 -0.1 0.06
121.555 -4.75177 -0.439108 -8.62533 0.12 0.34 -0.04
121.56 -4.7753 -0.439108 -8.57828 0.2 0.14 -0.02
121.565 -4.73609 -0.439108 -8.58612 -0.06 0.06 -0.06
121.57 -4.72825 -0.415584 -8.59396 0.16 0.16 0.06
121.575 -4.75961 -0.439108 -8.58612 0.14 0.06 0.04
121.58 -4.74393 -0.439108 -8.57044 0.32 0.08 0.32
121.585 -4.75177 -0.462631 -8.57044 0.16 0.34 0.3
121.59 -4.75961 -0.439108 -8.5626 -0.04 0.18 -0.12
121.595 -4.75177 -0.446949 -8.60965 0.24 0.1 0.08
121.6 -4.75177 -0.439108 -8.59396 0.02 0.04 -0.06
121.605 -4.74393 -0.431266 -8.57828 0.18 0.28 -0.12
121.61 -4.75177 -0.446949 -8.59396 0.32 0.18 -0.08
121.615 -4.76745 -0.439108 -8.58612 0.1 0.24 0.28
121.62 -4.78314 -0.45479 -8.59396 -0.02 0.16 -0.02
121.625 -4.74393 -0.446949 -8.58612 0.36 0.14 0.12
121.63 -4.75177 -0.446949 -8.57828 0.1 0.24 0.08
121.635 -4.76745 -0.431266 -8.59396 0.28 0.32 0.14
121.64 -4.75961 -0.446949 -8.57044 -0.08 0.24 -0.08
121.645 -4.73609 -0.446949 -8.57044 0.08 0.12 0.06
121.65 -4.72825 -0.439108 -8.59396 0.22 0.18 0.02
121.655 -4.75961 -0.446949 -8.57828 0.08 0.06 0.06
121.66 -4.75961 -0.439108 -8.57044 0.04 0.1 0.08
121.665 -4.76745 -0.45479 -8.58612 0.26 0.36 0.1
121.67 -4.75961 -0.45479 -8.57828 0.24 0.24 -0.26
121.675 -4.76745 -0.399902 -8.59396 0.28 0.16 0.06
121.68 -4.75961 -0.462631 -8.57044 0.12 0.22 -0.06
121.685 -4.7753 -0.446949 -8.57044 0.18 0.26 0.14
121.69 -4.75961 -0.423425 -8.6018 0.2 0.24 0.04
121.695 -4.74393 -0.493996 -8.57828 0.12 0.3 0.1
121.7 -4.74393 -0.462631 -8.58612 -0.08 0.38 0.06
121.705 -4.74393 -0.45479 -8.59396 0.16 -0.06 0.08
121.71 -4.75961 -0.431266 -8.6018 0.1 0.06 0.28
121.715 -4.74393 -0.439108 -8.62533 0.12 0.02 0.08
121.72 -4.76745 -0.470472 -8.58612 0.32 0.16 -0.24
121.725 -4.7753 -0.439108 -8.60965 0.1 0.26 -0.04
121.73 -4.7753 -0.470472 -8.59396 0 -0.04 -0.04
121.735 -4.7753 -0.431266 -8.6018 0 0.06 0
121.74 -4.75961 -0.439108 -8.59396 0.16 0.22 -0.16
121.745 -4.76745 -0.431266 -8.58612 0.12 -0.02 0.14
121.75 -4.76745 -0.431266 -8.58612 0.22 0.2 -0.14
121.755 -4.72041 -0.439108 -8.59396 0.1 0.08 -0.22
121.76 -4.7753 -0.446949 -8.5626 -0.18 0.42 0.08
121.765 -4.75961 -0.446949 -8.6018 0.12 0.22 -0.14
121.77 -4.73609 -0.431266 -8.61749 0.22 0.3 0.12
121.775 -4.74393 -0.439108 -8.58612 0.02 0 -0.16
121.78 -4.75177 -0.45479 -8.57828 0.26 0.36 0.1
121.785 -4.75961 -0.446949 -8.5626 0.1 0.18 0.16
121.79 -4.75177 -0.446949 -8.58612 -0.06 0.1 0.12
121.795 -4.75177 -0.439108 -8.61749 0.08 -0.08 0.08
121.8 -4.75177 -0.45479 -8.55476 0.28 0.06 0.12
121.805 -4.75961 -0.45479 -8.6018 0.08 0.22 -0.08
121.81 -4.75961 -0.423425 -8.60965 0.26 0.2 0.16
121.815 -4.73609 -0.439108 -8.57828 0.14 0.26 -0.04
121.82 -4.74393 -0.446949 -8.59396 0.16 0.18 -0.06
121.825 -4.78314 -0.439108 -8.57044 -0.02 0.38 0.14
121.83 -4.74393 -0.439108 -8.57044 0.04 0.08 0.18
121.835 -4.75177 -0.439108 -8.57828 0.18 0.24 -0.06
121.84 -4.76745 -0.439108 -8.59396 0.12 0.2 0.24
121.845 -4.75177 -0.431266 -8.57828 0.04 0.08 -0.08
121.85 -4.75961 -0.446949 -8.57828 -0.1 -0.26 0.06
121.855 -4.7753 -0.439108 -8.59396 0.02 -0.02 -0.28
121.86 -4.75177 -0.446949 -8.57828 0.04 0.34 0.16
121.865 -4.75177 -0.439108 -8.58612 0.3 0.16 0
121.87 -4.75177 -0.45479 -8.59396 -0.04 0.2 0.02
121.875 -4.75961 -0.439108 -8.59396 0.16 0.2 0.02
121.88 -4.74393 -0.439108 -8.59396 0.46 0.1 -0.1
121.885 -4.7753 -0.470472 -8.57044 0.08 0.16 -0.12
121.89 -4.75177 -0.45479 -8.6018 0.16 0.08 0.14
121.895 -4.75961 -0.45479 -8.58612 0.1 0.08 0.02
121.9 -4.75961 -0.439108 -8.59396 0.22 -0.16 0.22
121.905 -4.7753 -0.431266 -8.60965 0.16 -0.18 0.32
121.91 -4.76745 -0.446949 -8.57828 0.44 0.24 0.26
121.915 -4.74393 -0.446949 -8.61749 -0.1 0.1 0.18
121.92 -4.74393 -0.439108 -8.59396 -0.14 0.22 0.04
121.925 -4.75177 -0.486155 -8.57828 -0.08 0.1 0.16
121.93 -4.7753 -0.431266 -8.58612 -0.14 0.32 0.06
121.935 -4.73609 -0.45479 -8.57828 0.02 0.26 0.1
121.94 -4.75961 -0.45479 -8.59396 0.2 0.14 0.16
121.945 -4.76745 -0.45479 -8.57828 0.22 0.16 0.24
121.95 -4.7753 -0.431266 -8.57828 0.18 -0.1 -0.1
121.955 -4.75177 -0.431266 -8.59396 0.02 0.22 -0.1
121.96 -4.75177 -0.446949 -8.5626 0.3 0.18 0.02
121.965 -4.73609 -0.439108 -8.6018 0.08 0.08 0.2
121.97 -4.75961 -0.470472 -8.57044 0.16 0.14 0.02
121.975 -4.75961 -0.431266 -8.59396 0.22 0.18 0.2
121.98 -4.76745 -0.439108 -8.57828 0.1 0.28 -0.14
121.985 -4.75961 -0.446949 -8.60965 0.1 0.18 -0.04
121.99 -4.76745 -0.439108 -8.58612 -0.26 0.16 -0.14
121.995 -4.71257 -0.431266 -8.45282 0.2 0.32 -0.28
122 -4.80666 -0.51752 -8.68022 -0.08 0.22 0.12
122.005 -4.73609 -0.345013 -8.58612 -0.2 0.06 -0.06
122.01 -4.80666 -0.470472 -8.62533 0.18 0.12 0.12
122.015 -4.75961 -0.415584 -8.57044 0.2 0.1 0
122.02 -4.75177 -0.439108 -8.60965 0.44 0.4 0.26
122.025 -4.72825 -0.446949 -8.54692 0.28 0.24 0.1
122.03 -4.7753 -0.462631 -8.57044 0.08 0.04 0
122.035 -4.76745 -0.462631 -8.59396 0.28 0.4 -0.36
122.04 -4.78314 -0.431266 -8.61749 0 0.2 0.38
122.045 -4.75961 -0.478314 -8.57828 0.06 0.22 0.14
122.05 -4.75961 -0.439108 -8.54692 0.06 0.04 0.38
122.055 -4.74393 -0.431266 -8.5626 -0.04 -0.04 -0.02
122.06 -4.74393 -0.415584 -8.5626 0.16 0.14 0.06
122.065 -4.75961 -0.478314 -8.59396 0.06 0.3 -0.14
122.07 -4.75961 -0.431266 -8.59396 0 -0.06 0.14
122.075 -4.75177 -0.431266 -8.57044 0.16 0.34 0.3
122.08 -4.74393 -0.45479 -8.59396 0.08 -0.04 0.18
122.085 -4.75961 -0.415584 -8.57828 -0.04 0.08 -0.06
122.09 -4.76745 -0.45479 -8.61749 0.06 0.2 0.18
122.095 -4.72041 -0.45479 -8.58612 0.14 0.1 -0.04
122.1 -4.79098 -0.470472 -8.6018 0.36 -0.06 0.18
122.105 -4.74393 -0.423425 -8.6018 0.1 0.2 0
122.11 -4.76745 -0.439108 -8.57828 0.1 0.16 0.28
122.115 -4.76745 -0.45479 -8.5626 0.24 0.22 0.04
122.12 -4.73609 -0.446949 -8.6018 -0.04 0.24 -0.06
122.125 -4.75961 -0.45479 -8.58612 0.08 0.24 0.38
122.13 -4.76745 -0.439108 -8.59396 -0.12 0.12 -0.02
122.135 -4.75177 -0.431266 -8.58612 0.14 0.3 0.02
122.14 -4.79098 -0.439108 -8.5626 0.16 0.38 -0.24
122.145 -4.74393 -0.439108 -8.58612 -0.04 -0.04 0.18
122.15 -4.75961 -0.439108 -8.6018 0.14 0.22 0.06
122.155 -4.76745 -0.45479 -8.58612 0.18 0.42 0.04
122.16 -4.76745 -0.439108 -8.59396 0.18 0.42 0.38
122.165 -4.73609 -0.423425 -8.57828 0.24 0.08 -0.14
122.17 -4.75961 -0.478314 -8.5626 0.12 0.02 0
122.175 -4.74393 -0.431266 -8.59396 0.02 0.12 -0.18
122.18 -4.76745 -0.439108 -8.58612 -0.08 -0.02 0.14
122.185 -4.75961 -0.439108 -8.57828 -0.08 0.3 -0.02
122.19 -4.75177 -0.446949 -8.6018 0.08 0.06 0
122.195 -4.75177 -0.462631 -8.58612 0.2 0.14 -0.08
122.2 -4.72825 -0.446949 -8.5626 0.34 0.1 -0.22
122.205 -4.74393 -0.45479 -8.57828 -0.06 0.2 0.22
122.21 -4.8145 -0.462631 -8.71158 0.16 -0.02 0.02
122.215 -4.72041 -0.384219 -8.53907 0.04 0.26 -0.02
122.22 -4.75177 -0.509678 -8.58612 0.22 0.18 0.16
122.225 -4.70472 -0.423425 -8.53907 0.14 -0.04 -0.18
122.23 -4.73609 -0.439108 -8.62533 0.12 0.06 0.08
